0959865062
0959863139
0959859801
0998385989
0756241663
0756241812
0756241811
0756241819
0756241852
0756242078
0756248159
0756248160
0756248161
0998269752
0756173748
0756173750
0756173785
0756175282
0668197912
0668809356
0959316142
0959336105
0959853844
0959853847
0959865083
0998380057
0756241750
0756241751
0756241752
0756241753
0756241754
0756241755
0756241756
0756241757
0756241758
0756241759
0756241760
0756241761
0756241763
0756241764
0756241765
0756241766
0756241767
0756241768
0756241769
0756241770
0756241772
0756241773
0756241774
0756241775
0756241776
0756244542
0756244543
0756244546
0756244547
0756244548
0756244549
0756244550
0756244551
0756244552
0756244553
0756244556
0756244557
0756244558
0756244559
0756244560
0756244561
0756244563
0756244564
0756244565
0756244566
0756244567
0756244568
0756244569
0756244570
0756244571
0756247071
0756247081
0756247093
0756247094
0756247095
0756247096
0756249589
0756249590
0756249591
0756249592
0756249593
0756249594
0756249596
0756249597
0756249598
0756249599
0756249600
0756249601
0756249602
0756249603
0756249604
0756249605
0756249606
0756249607
0756249608
0756249609
0756249610
0756249611
0756249612
0756249613
0756249614
0756250143
0756250146
0959777426
0756289255
0756289256
0756289257
0756289258
0756289259
0756289260
0756289261
0756289263
0756289264
0756289265
0756289266
0998271889
0998269700
0668507127
0668948486
0990072887
0990073015
0955172370
0959868613
0959865066
0959863118
0959863184
0998379139
0998379154
0998380026
0756241652
0756245615
0756245616
0756245622
0756247083
0756247084
0756247085
0756247086
0756247087
0756247088
0756247092
0756247089
0756247091
0756247097
0756247098
0756250131
0756250136
0756250139
0756250140
0756285830
0756285856
0756175283
0959335906
0959341752
0506827352
0992259295
0959868311
0959865071
0959864101
0959864107
0959859826
0998380025
0998380616
0756241651
0756247078
0756250124
0756250145
0756285791
0756285792
0756285793
0756285794
0756285795
0756285796
0756285797
0756285798
0756285799
0756285835
0756285853
0756285854
0756285887
0756285889
0756285890
0756285891
0756285892
0756285893
0756285894
0756285895
0756285896
0756285900
0756285897
0756285899
0756285901
0756285902
0756285903
0756285904
0756285905
0756285906
0756285907
0756285908
0756285909
0756285910
0756285911
0756285912
0756285913
0998267752
0756173704
0756183780
0668816407
0668817658
0668906665
0668946724
0959316078
0990072465
0990076348
0991219011
0954751654
0506827207
0506827234
0992258802
0998909164
0959865078
0998379150
0756241804
0756241998
0756246572
0756250122
0756250129
0756250130
0756250144
0756285720
0756285724
0756285721
0756285722
0756285723
0756285725
0756285726
0756285727
0756285729
0756285730
0756285731
0756285732
0756285733
0756285734
0756285735
0756285736
0756285737
0756285738
0756285739
0756285740
0756285741
0756285742
0756285743
0756285744
0756285745
0756285781
0756285782
0756285783
0756285784
0756285785
0756285786
0756285787
0756285788
0756285789
0756285790
0756285834
0668818433
0668818721
0959064159
0997873272
0991561230
0991322149
0998932631
0998932641
0998932661
0998932665
0998932683
0998932686
0998932710
0998932713
0998933410
0998933413
0998933423
0998933437
0998933449
0998933459
0998933474
0998933484
0998933496
0998933506
0998933516
0998933526
0998933548
0998933560
0998933591
0998933597
0998933600
0998933607
0998933617
0998933620
0998935846
0998935879
0998935891
0998935895
0998935918
0998935925
0998935928
0998935940
0998937510
0998479601
0959867934
0959867944
0959867949
0959864072
0959864077
0959863578
0959859827
0756241986
0756241993
0756248063
0756285773
0756285774
0756285776
0756285778
0756285779
0756285780
0756285831
0756288722
0756288723
0756288724
0756288725
0756288726
0756183790
0668514023
0668952294
0997569598
0998360231
0506988840
0506543693
0994475967
0998915321
0998915322
0998915323
0998915324
0998915325
0998915326
0998915327
0998915328
0998915329
0998915330
0998915331
0998915332
0998915334
0998915336
0998915337
0998915338
0998915339
0998915340
0998915341
0998915342
0998915343
0998915344
0998915345
0998915346
0998915347
0998932588
0998932590
0998932591
0998932592
0998932594
0998932595
0998932596
0998932597
0998932598
0998932599
0998932642
0998932652
0998932657
0998932669
0998932674
0998932698
0998932699
0998932709
0998932722
0998933422
0998933426
0998933432
0998933440
0998933451
0998933460
0998933461
0998933465
0998933466
0998933476
0998933485
0998933486
0998933498
0998933508
0998933518
0998933528
0998933561
0998933562
0998933571
0998933572
0998933574
0998933581
0998933582
0998933594
0998933595
0998933601
0998933609
0998935847
0998935890
0998935921
0998935931
0998935943
0959867183
0756288729
0756288730
0756288731
0756288732
0756288733
0756288734
0756288735
0756288736
0756288737
0756288738
0756289323
0756289324
0756289325
0756289326
0756289327
0756289332
0756289329
0756289330
0756289331
0756289334
0756289335
0756289336
0756289337
0756289338
0756289340
0756289341
0756289342
0756289343
0756289344
0756289345
0756289346
0756289348
0756289349
0756289350
0998269681
0668143031
0668815867
0998330041
0998360263
0992966579
0954537860
0506427616
0998915269
0998915270
0998915271
0998915272
0998915273
0998915274
0998915275
0998915276
0998915277
0998915278
0998915279
0998915280
0998915281
0998915282
0998915283
0998915284
0998915285
0998915286
0998915287
0998915288
0998915290
0998915292
0998915293
0998915294
0998915295
0998932578
0998932579
0998932580
0998932581
0998932582
0998932583
0998932584
0998932585
0998932586
0998932587
0998932625
0998932636
0998932646
0998932656
0998932668
0998932678
0998932688
0998932700
0998933442
0998933454
0998933469
0998933479
0998933490
0998933501
0998933511
0998933521
0998933531
0998933543
0998933554
0998933565
0998933575
0998933585
0998935865
0998935871
0998935881
0998935900
0998935910
0998935920
0998935930
0998935942
0959895709
0959895710
0959895763
0959866212
0959866213
0959859872
0756241646
0756241649
0756241778
0756241779
0756241780
0756241781
0756241782
0756241783
0756241784
0756241785
0756241786
0756241787
0756241788
0756241789
0756241790
0756241791
0756241792
0756241793
0756241794
0756241795
0756241796
0756241797
0756241798
0756241799
0756241800
0756241801
0756241802
0756245619
0756246577
0756248068
0756182305
0661813083
0506426559
0998915296
0998915297
0998915298
0998915299
0998915300
0998915301
0998915302
0998915303
0998915304
0998915305
0998915306
0998915307
0998915308
0998915309
0998915310
0998915311
0998915312
0998915313
0998915314
0998915315
0998915316
0998915317
0998915318
0998915319
0998915320
0998932573
0998932574
0998932575
0998932576
0998932577
0998932600
0998932601
0998932602
0998932603
0998932604
0998932634
0998932654
0998932676
0998932707
0998932719
0998932723
0998932730
0998933419
0998933429
0998933435
0998933452
0998933462
0998933467
0998933487
0998933499
0998933509
0998933519
0998933551
0998933573
0998933583
0998933606
0998933610
0998933616
0998935840
0998935850
0998935856
0998935861
0998935892
0998935898
0998935908
0998935934
0959851886
0959851889
0959868309
0959895726
0959863138
0998379148
0756242082
0756245614
0756247127
0756247128
0756247129
0756247147
0756247148
0756247149
0756247150
0756247151
0756248061
0756248065
0959777420
0959777427
0756288697
0756288698
0756288699
0756288700
0756288701
0756288702
0756288703
0756288704
0756288705
0756288706
0756288707
0756288708
0756288709
0756288710
0756288711
0756288712
0756288716
0756288713
0756288714
0756288715
0756288717
0756288718
0756288719
0756288720
0756288721
0756288727
0756288739
0756288740
0756288741
0756288742
0756288743
0756288744
0756288745
0756288746
0756288747
0998314320
0998932605
0998932606
0998932607
0998932608
0998932609
0998932610
0998932611
0998932612
0998932613
0998932614
0998932628
0998932638
0998932648
0998932658
0998932670
0998932680
0998932691
0998932702
0998932717
0998932728
0998933417
0998933427
0998933446
0998933456
0998933471
0998933481
0998933523
0998933534
0998933604
0998933614
0998935842
0998935852
0998935863
0998935873
0998935883
0998935902
0998935912
0998935922
0998935932
0998935944
0998937495
0998939144
0998939145
0998939146
0998939147
0998939148
0998939149
0998939150
0998939151
0998939152
0998939153
0998939154
0998939155
0998939156
0998939157
0998939158
0998939159
0998939160
0998939161
0998939162
0998939163
0998939164
0998939165
0998939166
0998939167
0998939168
0998481889
0959895754
0959863137
0959859824
0959859829
0959859842
0998379115
0998379124
0998379155
0998379995
0998380074
0756241994
0756242073
0756244529
0756247130
0756247145
0756247146
0756250142
0998269734
0998267652
0756175255
0756175259
0756175270
0756175300
0756175331
0756175337
0756183798
0668815805
0668817784
0990731877
0954749719
0954808104
0506423966
0506424836
0998915243
0998915244
0998915245
0998915246
0998915247
0998915248
0998915249
0998915250
0998915251
0998915253
0998915255
0998915256
0998915257
0998915258
0998915259
0998915260
0998915261
0998915262
0998915263
0998915264
0998915265
0998915266
0998915267
0998915268
0998932615
0998932616
0998932617
0998932618
0998932619
0998932620
0998932621
0998932622
0998932623
0998932624
0998932630
0998932640
0998932650
0998932660
0998932672
0998932682
0998932694
0998932701
0998932704
0998933416
0998933448
0998933458
0998933473
0998933483
0998933495
0998933505
0998933515
0998933525
0998933537
0998933547
0998933559
0998933569
0998933579
0998933590
0998935875
0998935886
0998935904
0998935914
0998935924
0998935946
0959895707
0959895749
0959868612
0959865044
0959865045
0959865046
0959865047
0959865048
0959865049
0959859830
0959859831
0959859832
0959859833
0959859834
0959859836
0756247072
0756247140
0756247143
0756247144
0756250128
0756289347
0756183779
0668906413
0506541380
0506542448
0506827841
0998932441
0998932443
0998932445
0998932446
0998932447
0998932448
0998932449
0998932450
0998932451
0998932452
0998932453
0998932454
0998932455
0998932456
0998932457
0998932458
0998932459
0998932460
0998932461
0998932462
0998932463
0998932464
0998932465
0998932466
0998932467
0998932651
0998932673
0998932695
0998932706
0998932715
0998932721
0998932725
0998933415
0998933420
0998933425
0998933430
0998933464
0998933492
0998933503
0998933513
0998933545
0998933557
0998933567
0998933570
0998933577
0998933580
0998933587
0998933602
0998933612
0998935844
0998935849
0998935854
0998935866
0998935905
0998935915
0998935936
0998937494
0998939118
0998939120
0998939121
0998939122
0998939123
0998939124
0998939125
0998939126
0998939127
0998939128
0959895750
0959865051
0959865052
0959865053
0959864067
0998380656
0756244619
0756244630
0756246586
0756247131
0756247132
0756247133
0756247134
0756247135
0756247136
0756248076
0756250126
0756175327
0668342351
0668510018
0668627863
0668818436
0954748975
0506542477
0506542577
0998932627
0998932637
0998932647
0998932679
0998932690
0998932716
0998932726
0998933445
0998933455
0998933470
0998933480
0998933491
0998933502
0998933512
0998933522
0998933532
0998933544
0998933556
0998933566
0998933576
0998933586
0998933603
0998933613
0998934381
0998934382
0998934384
0998934385
0998934386
0998934387
0998934388
0998934390
0998934391
0998934392
0998934394
0998934395
0998934396
0998934399
0998934401
0998934402
0998934403
0998934405
0998934406
0998934407
0998934408
0998934409
0998934410
0998934412
0998935843
0998935853
0998935864
0998935872
0998935882
0998935901
0998935911
0998937492
0998937514
0998939134
0998939135
0998939136
0998939137
0998939138
0998939139
0998939140
0998939141
0998939142
0998939143
0959859837
0959849061
0959849062
0959849063
0959849071
0756241838
0756244572
0756244573
0756244574
0756244575
0756244576
0756244577
0756244578
0756244579
0756244580
0756244581
0756244582
0756244583
0756244584
0756244585
0756244586
0756244587
0756244588
0756244589
0756244590
0756244591
0756244592
0756244593
0756244594
0756244595
0756244596
0756246538
0756246584
0756247141
0756281302
0756281303
0756281304
0756281305
0756281306
0756281307
0756281308
0756281309
0756281310
0756281311
0756281312
0756281314
0756281315
0756281316
0756281317
0756281318
0756281319
0756281320
0756281324
0756281321
0756281322
0756281323
0756281325
0756281326
0756281327
0756285833
0998265410
0756173712
0756175260
0954804672
0506827818
0998932415
0998932416
0998932417
0998932418
0998932419
0998932632
0998932644
0998932663
0998932684
0998932696
0998932711
0998932720
0998933411
0998933421
0998933431
0998933475
0998933507
0998933517
0998933527
0998933529
0998933539
0998933549
0998933592
0998933598
0998933608
0998933618
0998934354
0998934355
0998934356
0998934357
0998934358
0998934359
0998934360
0998934361
0998934362
0998934364
0998934365
0998934366
0998934367
0998934368
0998934369
0998934370
0998934371
0998934372
0998934374
0998934375
0998934376
0998934377
0998934378
0998934379
0998934380
0998935848
0998935859
0998935867
0998935869
0998935877
0998935906
0998935916
0998935926
0998935937
0998939129
0998939130
0998939131
0998939132
0998939133
0998968834
0998968836
0998968837
0998968839
0998968840
0998968841
0998968842
0998968862
0998968863
0998968901
0998968902
0998968903
0998968905
0998968907
0998968908
0998968910
0998968911
0998968912
0998968913
0998968914
0998968915
0998968917
0998968918
0998968920
0998968921
0998968922
0998968923
0998968924
0998968925
0998968927
0998968928
0998968930
0998968931
0959867179
0959865058
0959865059
0959865061
0959859840
0959859843
0959859844
0959859846
0959859847
0959859849
0959859860
0959859861
0959859862
0959859863
0959859864
0959859866
0959859867
0959859869
0959859870
0959859871
0959859873
0959859874
0959859876
0959859877
0959859879
0959859880
0959859881
0959859882
0959849471
0959849473
0959849064
0959849065
0959849066
0959849067
0959849068
0959849069
0959849072
0959849073
0959849074
0959849075
0959849076
0959849077
0959849078
0959849079
0959849081
0959849082
0959849083
0959849085
0959849086
0959849087
0959849088
0756243638
0756243639
0756243640
0756243641
0756243642
0756243643
0756243644
0756243645
0756243646
0756243647
0756243648
0756243649
0756243650
0756243651
0756243652
0756243653
0756243654
0756243655
0756243656
0756243660
0756243657
0756243658
0756243659
0756243661
0756243664
0756282181
0756282182
0756282183
0756282184
0756282185
0756282186
0756282187
0756282188
0756282189
0756282190
0756282191
0756282192
0756282193
0756282194
0756282195
0756282196
0756282197
0756282198
0756282199
0756282204
0756282201
0756282203
0756282205
0756282206
0756282207
0756173702
0756173721
0756183792
0668629380
0998360423
0991316690
0506554261
0998932420
0998932421
0998932422
0998932423
0998932425
0998932426
0998932427
0998932428
0998932429
0998932430
0998932687
0998932718
0998932724
0998932729
0998933414
0998933418
0998933424
0998933428
0998933436
0998933438
0998933439
0998933450
0998933477
0998933497
0998933541
0998933550
0998933563
0998933599
0998933605
0998933615
0998935841
0998935845
0998935851
0998935855
0998935860
0998935876
0998935880
0998935887
0998935896
0998935939
0998937515
0998939081
0998939082
0998939083
0998939084
0998939085
0998939086
0998939087
0998939088
0998939100
0998939101
0998939102
0998939103
0998939104
0998939105
0998939106
0998939107
0998939108
0998939109
0998939110
0998939112
0998939113
0998939114
0998939115
0998939116
0998939117
0998968835
0998968843
0998968845
0998968846
0998968847
0998968849
0998968850
0998968851
0998968852
0998968853
0998968854
0998968856
0998968864
0998968865
0998968867
0998968870
0998968871
0998968872
0998968873
0998968874
0998968875
0998968876
0998968879
0998968881
0998968882
0998968883
0998968884
0998968885
0998968887
0998968890
0998968891
0998968892
0998968893
0998968894
0998968895
0998968897
0998968904
0959895751
0959865054
0959865120
0959865121
0959865122
0959865123
0959865124
0959865125
0959865126
0959865127
0959865128
0959865129
0959865130
0959865131
0959865132
0959865133
0959865134
0959865135
0959865136
0959865137
0959865138
0959865139
0959865140
0959865141
0959865142
0959865143
0959865144
0959864069
0959864071
0959859839
0998379149
0998380049
0756244616
0756244617
0756244618
0756247082
0756248152
0756249668
0756249670
0756249672
0756249673
0756249674
0756249675
0756249676
0756249677
0756249678
0998269751
0998269754
0756173711
0756174567
0756174571
0756176900
0756183776
0668510409
0668714728
0668809308
0668818438
0990080271
0992966554
0506542927
0998915254
0998932431
0998932432
0998932433
0998932434
0998932435
0998932436
0998932437
0998932438
0998932439
0998932440
0998932629
0998932639
0998932649
0998932659
0998932671
0998932681
0998932692
0998932703
0998933447
0998933457
0998933472
0998933482
0998933494
0998933504
0998933514
0998933524
0998933536
0998933546
0998933558
0998933568
0998933578
0998933588
0998934324
0998934325
0998934326
0998934327
0998934328
0998934329
0998934330
0998934331
0998934332
0998934335
0998934336
0998934337
0998934338
0998934339
0998934340
0998934341
0998934342
0998934345
0998934346
0998934347
0998934348
0998934349
0998934350
0998934351
0998934352
0998935862
0998935874
0998935884
0998935903
0998935913
0998935923
0998935933
0998935945
0998968803
0998968804
0998968805
0998968806
0998968807
0998968809
0998968810
0998968812
0998968813
0998968814
0998968815
0998968816
0998968817
0998968819
0998968820
0998968821
0998968823
0998968824
0998968825
0998968826
0998968827
0998968829
0998968830
0998968831
0998968832
0998970510
0998970511
0998970512
0998970513
0998970514
0998970515
0998970516
0998970517
0998970518
0998970519
0959868129
0959864074
0959863565
0959862214
0959862218
0998380012
0756242004
0756242016
0756242017
0756242018
0756248150
0756248151
0756250133
0959777423
0756175248
0756175253
0756175262
0756182256
0668541142
0668541274
0668714817
0669143231
0506827759
0998909178
0998932520
0998932521
0998932522
0998932523
0998932524
0998932526
0998932527
0998932528
0998932529
0998932530
0998932546
0998932547
0998932548
0998932549
0998932550
0998932551
0998932553
0998932554
0998932556
0998932557
0998932558
0998932559
0998932560
0998932561
0998932562
0998932563
0998932564
0998932565
0998932566
0998932567
0998932568
0998932569
0998932570
0998932571
0998932572
0998932635
0998932645
0998932655
0998932667
0998932677
0998932714
0998933441
0998933453
0998933463
0998933468
0998933478
0998933488
0998933500
0998933510
0998933520
0998933530
0998933538
0998933542
0998933552
0998933564
0998933584
0998933596
0998933611
0998933621
0998935870
0998935894
0998935897
0998935899
0998935909
0998935919
0998935929
0998935941
0998968857
0998968900
0998970491
0998970492
0998970493
0998970494
0998970495
0998970496
0998970498
0998970499
0998970501
0998970502
0998970545
0998970546
0998970547
0998970548
0998970549
0998970551
0998970552
0998970553
0998970554
0998970556
0998970557
0998970558
0998970559
0998970560
0998970561
0998970562
0998970563
0998970565
0998970566
0998970567
0998970568
0998970569
0998970570
0998970571
0959895733
0959863572
0959863574
0959862610
0959862635
0959862165
0959862166
0959862167
0959862168
0959862169
0959862170
0959862171
0959862172
0959862173
0959859787
0959859789
0998380046
0998380641
0756241654
0756242019
0756242031
0756242032
0756242033
0756242034
0756242035
0756242036
0756242037
0756242038
0756242039
0756242041
0756242043
0756242044
0756242045
0756242046
0756242047
0756244606
0756244609
0756244610
0756244611
0756244612
0756244613
0756244952
0756244953
0756244954
0756244955
0756244956
0756244957
0756244958
0756244959
0756244960
0756244961
0756244963
0756244964
0756244965
0756244966
0756244967
0756244968
0756244969
0756244970
0756244971
0756244972
0756244973
0756244974
0756244975
0756244976
0756244980
0756246401
0756248071
0756248072
0756248073
0756248075
0756248084
0756248163
0756249671
0756289946
0756289947
0756289950
0756289951
0756289952
0756289953
0756289954
0756289956
0756289957
0756289958
0756289960
0756289972
0756173703
0756174531
0756174535
0668518157
0669026146
0954093947
0993190965
0506542522
0506827809
0998909183
0998932495
0998932496
0998932497
0998932498
0998932499
0998932500
0998932501
0998932502
0998932503
0998932504
0998932505
0998932506
0998932507
0998932508
0998932509
0998932510
0998932511
0998932512
0998932513
0998932514
0998932515
0998932516
0998932517
0998932518
0998932519
0998939053
0998939054
0998939055
0998939056
0998939057
0998939058
0998939059
0998939061
0998939062
0998939063
0998939064
0998939065
0998939066
0998939067
0998939068
0998939069
0998939071
0998939072
0998939073
0998939074
0998939075
0998939076
0998939077
0998939078
0998939079
0998953514
0998953523
0998968859
0998968860
0998968861
0998970503
0998970504
0998970506
0998970508
0998970543
0998970572
0998970574
0998970575
0998970576
0998970577
0998970578
0998970579
0998970580
0998970581
0998970582
0998970583
0998970585
0998970586
0998970587
0998970588
0998970590
0998970591
0998970592
0998970593
0998970594
0998970595
0998970598
0998380620
0998380622
0756242051
0756242052
0756242053
0756242054
0756245610
0756245611
0756245612
0756285840
0756289243
0756289961
0756289963
0756289964
0756289965
0756289967
0756289968
0756289970
0756289971
0756173713
0756174529
0756174530
0756175249
0756183825
0959323360
0954873100
0506426275
0506827783
0994136069
